Satellite_10000_1_1
1 00001U 00000A   23121.00000000  .00000000  00000+0  12222-5 0  9993
2 00001  60.0000   0.0000 0002000  90.0000   0.0000  4.14466992  9992
Satellite_10000_1_2
1 00002U 00000A   23121.00000000  .00000000  00000+0  12222-5 0  9994
2 00002  60.0000   0.0000 0002000  90.0000  60.0000  4.14466992  9999
Satellite_10000_1_3
1 00003U 00000A   23121.00000000  .00000000  00000+0  12222-5 0  9995
2 00003  60.0000   0.0000 0002000  90.0000 120.0000  4.14466992  9997
Satellite_10000_1_4
1 00004U 00000A   23121.00000000  .00000000  00000+0  12222-5 0  9996
2 00004  60.0000   0.0000 0002000  90.0000 180.0000  4.14466992  9994
Satellite_10000_1_5
1 00005U 00000A   23121.00000000  .00000000  00000+0  12222-5 0  9997
2 00005  60.0000   0.0000 0002000  90.0000 240.0000  4.14466992  9992
Satellite_10000_1_6
1 00006U 00000A   23121.00000000  .00000000  00000+0  12222-5 0  9998
2 00006  60.0000   0.0000 0002000  90.0000 300.0000  4.14466992  9990
Satellite_10000_2_1
1 00101U 00000A   23121.00000000  .00000000  00000+0  12222-5 0  9994
2 00101  60.0000  90.0000 0002000  75.0000   0.0000  4.14466992  9995
Satellite_10000_2_2
1 00102U 00000A   23121.00000000  .00000000  00000+0  12222-5 0  9995
2 00102  60.0000  90.0000 0002000  75.0000  60.0000  4.14466992  9992
Satellite_10000_2_3
1 00103U 00000A   23121.00000000  .00000000  00000+0  12222-5 0  9996
2 00103  60.0000  90.0000 0002000  75.0000 120.0000  4.14466992  9990
Satellite_10000_2_4
1 00104U 00000A   23121.00000000  .00000000  00000+0  12222-5 0  9997
2 00104  60.0000  90.0000 0002000  75.0000 180.0000  4.14466992  9997
Satellite_10000_2_5
1 00105U 00000A   23121.00000000  .00000000  00000+0  12222-5 0  9998
2 00105  60.0000  90.0000 0002000  75.0000 240.0000  4.14466992  9995
Satellite_10000_2_6
1 00106U 00000A   23121.00000000  .00000000  00000+0  12222-5 0  9999
2 00106  60.0000  90.0000 0002000  75.0000 300.0000  4.14466992  9993
Satellite_10000_3_1
1 00201U 00000A   23121.00000000  .00000000  00000+0  12222-5 0  9995
2 00201  60.0000 180.0000 0002000  60.0000   0.0000  4.14466992  9990
Satellite_10000_3_2
1 00202U 00000A   23121.00000000  .00000000  00000+0  12222-5 0  9996
2 00202  60.0000 180.0000 0002000  60.0000  60.0000  4.14466992  9997
Satellite_10000_3_3
1 00203U 00000A   23121.00000000  .00000000  00000+0  12222-5 0  9997
2 00203  60.0000 180.0000 0002000  60.0000 120.0000  4.14466992  9995
Satellite_10000_3_4
1 00204U 00000A   23121.00000000  .00000000  00000+0  12222-5 0  9998
2 00204  60.0000 180.0000 0002000  60.0000 180.0000  4.14466992  9992
Satellite_10000_3_5
1 00205U 00000A   23121.00000000  .00000000  00000+0  12222-5 0  9999
2 00205  60.0000 180.0000 0002000  60.0000 240.0000  4.14466992  9990
Satellite_10000_3_6
1 00206U 00000A   23121.00000000  .00000000  00000+0  12222-5 0  9990
2 00206  60.0000 180.0000 0002000  60.0000 300.0000  4.14466992  9998
Satellite_10000_4_1
1 00301U 00000A   23121.00000000  .00000000  00000+0  12222-5 0  9996
2 00301  60.0000 270.0000 0002000  45.0000   0.0000  4.14466992  9994
Satellite_10000_4_2
1 00302U 00000A   23121.00000000  .00000000  00000+0  12222-5 0  9997
2 00302  60.0000 270.0000 0002000  45.0000  60.0000  4.14466992  9991
Satellite_10000_4_3
1 00303U 00000A   23121.00000000  .00000000  00000+0  12222-5 0  9998
2 00303  60.0000 270.0000 0002000  45.0000 120.0000  4.14466992  9999
Satellite_10000_4_4
1 00304U 00000A   23121.00000000  .00000000  00000+0  12222-5 0  9999
2 00304  60.0000 270.0000 0002000  45.0000 180.0000  4.14466992  9996
Satellite_10000_4_5
1 00305U 00000A   23121.00000000  .00000000  00000+0  12222-5 0  9990
2 00305  60.0000 270.0000 0002000  45.0000 240.0000  4.14466992  9994
Satellite_10000_4_6
1 00306U 00000A   23121.00000000  .00000000  00000+0  12222-5 0  9991
2 00306  60.0000 270.0000 0002000  45.0000 300.0000  4.14466992  9992
