Satellite_10000_1_1
1 00001U 00000A   23121.00000000  .00000000  00000+0  12222-5 0  9993
2 00001  60.0000   0.0000 0002000  90.0000   0.0000  4.14466992  9992
Satellite_10000_1_2
1 00002U 00000A   23121.00000000  .00000000  00000+0  12222-5 0  9994
2 00002  60.0000   0.0000 0002000  90.0000  36.0000  4.14466992  9992
Satellite_10000_1_3
1 00003U 00000A   23121.00000000  .00000000  00000+0  12222-5 0  9995
2 00003  60.0000   0.0000 0002000  90.0000  72.0000  4.14466992  9993
Satellite_10000_1_4
1 00004U 00000A   23121.00000000  .00000000  00000+0  12222-5 0  9996
2 00004  60.0000   0.0000 0002000  90.0000 108.0000  4.14466992  9994
Satellite_10000_1_5
1 00005U 00000A   23121.00000000  .00000000  00000+0  12222-5 0  9997
2 00005  60.0000   0.0000 0002000  90.0000 144.0000  4.14466992  9995
Satellite_10000_1_6
1 00006U 00000A   23121.00000000  .00000000  00000+0  12222-5 0  9998
2 00006  60.0000   0.0000 0002000  90.0000 180.0000  4.14466992  9996
Satellite_10000_1_7
1 00007U 00000A   23121.00000000  .00000000  00000+0  12222-5 0  9999
2 00007  60.0000   0.0000 0002000  90.0000 216.0000  4.14466992  9997
Satellite_10000_1_8
1 00008U 00000A   23121.00000000  .00000000  00000+0  12222-5 0  9990
2 00008  60.0000   0.0000 0002000  90.0000 252.0000  4.14466992  9998
Satellite_10000_1_9
1 00009U 00000A   23121.00000000  .00000000  00000+0  12222-5 0  9991
2 00009  60.0000   0.0000 0002000  90.0000 288.0000  4.14466992  9998
Satellite_10000_1_10
1 00010U 00000A   23121.00000000  .00000000  00000+0  12222-5 0  9993
2 00010  60.0000   0.0000 0002000  90.0000 324.0000  4.14466992  9991
Satellite_10000_2_1
1 00101U 00000A   23121.00000000  .00000000  00000+0  12222-5 0  9994
2 00101  60.0000  36.0000 0002000  86.4000   0.0000  4.14466992  9991
Satellite_10000_2_2
1 00102U 00000A   23121.00000000  .00000000  00000+0  12222-5 0  9995
2 00102  60.0000  36.0000 0002000  86.4000  36.0000  4.14466992  9991
Satellite_10000_2_3
1 00103U 00000A   23121.00000000  .00000000  00000+0  12222-5 0  9996
2 00103  60.0000  36.0000 0002000  86.4000  72.0000  4.14466992  9992
Satellite_10000_2_4
1 00104U 00000A   23121.00000000  .00000000  00000+0  12222-5 0  9997
2 00104  60.0000  36.0000 0002000  86.4000 108.0000  4.14466992  9993
Satellite_10000_2_5
1 00105U 00000A   23121.00000000  .00000000  00000+0  12222-5 0  9998
2 00105  60.0000  36.0000 0002000  86.4000 144.0000  4.14466992  9994
Satellite_10000_2_6
1 00106U 00000A   23121.00000000  .00000000  00000+0  12222-5 0  9999
2 00106  60.0000  36.0000 0002000  86.4000 180.0000  4.14466992  9995
Satellite_10000_2_7
1 00107U 00000A   23121.00000000  .00000000  00000+0  12222-5 0  9990
2 00107  60.0000  36.0000 0002000  86.4000 216.0000  4.14466992  9996
Satellite_10000_2_8
1 00108U 00000A   23121.00000000  .00000000  00000+0  12222-5 0  9991
2 00108  60.0000  36.0000 0002000  86.4000 252.0000  4.14466992  9997
Satellite_10000_2_9
1 00109U 00000A   23121.00000000  .00000000  00000+0  12222-5 0  9992
2 00109  60.0000  36.0000 0002000  86.4000 288.0000  4.14466992  9997
Satellite_10000_2_10
1 00110U 00000A   23121.00000000  .00000000  00000+0  12222-5 0  9994
2 00110  60.0000  36.0000 0002000  86.4000 324.0000  4.14466992  9990
Satellite_10000_3_1
1 00201U 00000A   23121.00000000  .00000000  00000+0  12222-5 0  9995
2 00201  60.0000  72.0000 0002000  82.8000   0.0000  4.14466992  9992
Satellite_10000_3_2
1 00202U 00000A   23121.00000000  .00000000  00000+0  12222-5 0  9996
2 00202  60.0000  72.0000 0002000  82.8000  36.0000  4.14466992  9992
Satellite_10000_3_3
1 00203U 00000A   23121.00000000  .00000000  00000+0  12222-5 0  9997
2 00203  60.0000  72.0000 0002000  82.8000  72.0000  4.14466992  9993
Satellite_10000_3_4
1 00204U 00000A   23121.00000000  .00000000  00000+0  12222-5 0  9998
2 00204  60.0000  72.0000 0002000  82.8000 108.0000  4.14466992  9994
Satellite_10000_3_5
1 00205U 00000A   23121.00000000  .00000000  00000+0  12222-5 0  9999
2 00205  60.0000  72.0000 0002000  82.8000 144.0000  4.14466992  9995
Satellite_10000_3_6
1 00206U 00000A   23121.00000000  .00000000  00000+0  12222-5 0  9990
2 00206  60.0000  72.0000 0002000  82.8000 180.0000  4.14466992  9996
Satellite_10000_3_7
1 00207U 00000A   23121.00000000  .00000000  00000+0  12222-5 0  9991
2 00207  60.0000  72.0000 0002000  82.8000 216.0000  4.14466992  9997
Satellite_10000_3_8
1 00208U 00000A   23121.00000000  .00000000  00000+0  12222-5 0  9992
2 00208  60.0000  72.0000 0002000  82.8000 252.0000  4.14466992  9998
Satellite_10000_3_9
1 00209U 00000A   23121.00000000  .00000000  00000+0  12222-5 0  9993
2 00209  60.0000  72.0000 0002000  82.8000 288.0000  4.14466992  9998
Satellite_10000_3_10
1 00210U 00000A   23121.00000000  .00000000  00000+0  12222-5 0  9995
2 00210  60.0000  72.0000 0002000  82.8000 324.0000  4.14466992  9991
Satellite_10000_4_1
1 00301U 00000A   23121.00000000  .00000000  00000+0  12222-5 0  9996
2 00301  60.0000 108.0000 0002000  79.2000   0.0000  4.14466992  9993
Satellite_10000_4_2
1 00302U 00000A   23121.00000000  .00000000  00000+0  12222-5 0  9997
2 00302  60.0000 108.0000 0002000  79.2000  36.0000  4.14466992  9993
Satellite_10000_4_3
1 00303U 00000A   23121.00000000  .00000000  00000+0  12222-5 0  9998
2 00303  60.0000 108.0000 0002000  79.2000  72.0000  4.14466992  9994
Satellite_10000_4_4
1 00304U 00000A   23121.00000000  .00000000  00000+0  12222-5 0  9999
2 00304  60.0000 108.0000 0002000  79.2000 108.0000  4.14466992  9995
Satellite_10000_4_5
1 00305U 00000A   23121.00000000  .00000000  00000+0  12222-5 0  9990
2 00305  60.0000 108.0000 0002000  79.2000 144.0000  4.14466992  9996
Satellite_10000_4_6
1 00306U 00000A   23121.00000000  .00000000  00000+0  12222-5 0  9991
2 00306  60.0000 108.0000 0002000  79.2000 180.0000  4.14466992  9997
Satellite_10000_4_7
1 00307U 00000A   23121.00000000  .00000000  00000+0  12222-5 0  9992
2 00307  60.0000 108.0000 0002000  79.2000 216.0000  4.14466992  9998
Satellite_10000_4_8
1 00308U 00000A   23121.00000000  .00000000  00000+0  12222-5 0  9993
2 00308  60.0000 108.0000 0002000  79.2000 252.0000  4.14466992  9999
Satellite_10000_4_9
1 00309U 00000A   23121.00000000  .00000000  00000+0  12222-5 0  9994
2 00309  60.0000 108.0000 0002000  79.2000 288.0000  4.14466992  9999
Satellite_10000_4_10
1 00310U 00000A   23121.00000000  .00000000  00000+0  12222-5 0  9996
2 00310  60.0000 108.0000 0002000  79.2000 324.0000  4.14466992  9992
Satellite_10000_5_1
1 00401U 00000A   23121.00000000  .00000000  00000+0  12222-5 0  9997
2 00401  60.0000 144.0000 0002000  75.6000   0.0000  4.14466992  9994
Satellite_10000_5_2
1 00402U 00000A   23121.00000000  .00000000  00000+0  12222-5 0  9998
2 00402  60.0000 144.0000 0002000  75.6000  36.0000  4.14466992  9994
Satellite_10000_5_3
1 00403U 00000A   23121.00000000  .00000000  00000+0  12222-5 0  9999
2 00403  60.0000 144.0000 0002000  75.6000  72.0000  4.14466992  9995
Satellite_10000_5_4
1 00404U 00000A   23121.00000000  .00000000  00000+0  12222-5 0  9990
2 00404  60.0000 144.0000 0002000  75.6000 108.0000  4.14466992  9996
Satellite_10000_5_5
1 00405U 00000A   23121.00000000  .00000000  00000+0  12222-5 0  9991
2 00405  60.0000 144.0000 0002000  75.6000 144.0000  4.14466992  9997
Satellite_10000_5_6
1 00406U 00000A   23121.00000000  .00000000  00000+0  12222-5 0  9992
2 00406  60.0000 144.0000 0002000  75.6000 180.0000  4.14466992  9998
Satellite_10000_5_7
1 00407U 00000A   23121.00000000  .00000000  00000+0  12222-5 0  9993
2 00407  60.0000 144.0000 0002000  75.6000 216.0000  4.14466992  9999
Satellite_10000_5_8
1 00408U 00000A   23121.00000000  .00000000  00000+0  12222-5 0  9994
2 00408  60.0000 144.0000 0002000  75.6000 252.0000  4.14466992  9990
Satellite_10000_5_9
1 00409U 00000A   23121.00000000  .00000000  00000+0  12222-5 0  9995
2 00409  60.0000 144.0000 0002000  75.6000 288.0000  4.14466992  9990
Satellite_10000_5_10
1 00410U 00000A   23121.00000000  .00000000  00000+0  12222-5 0  9997
2 00410  60.0000 144.0000 0002000  75.6000 324.0000  4.14466992  9993
Satellite_10000_6_1
1 00501U 00000A   23121.00000000  .00000000  00000+0  12222-5 0  9998
2 00501  60.0000 180.0000 0002000  72.0000   0.0000  4.14466992  9996
Satellite_10000_6_2
1 00502U 00000A   23121.00000000  .00000000  00000+0  12222-5 0  9999
2 00502  60.0000 180.0000 0002000  72.0000  36.0000  4.14466992  9996
Satellite_10000_6_3
1 00503U 00000A   23121.00000000  .00000000  00000+0  12222-5 0  9990
2 00503  60.0000 180.0000 0002000  72.0000  72.0000  4.14466992  9997
Satellite_10000_6_4
1 00504U 00000A   23121.00000000  .00000000  00000+0  12222-5 0  9991
2 00504  60.0000 180.0000 0002000  72.0000 108.0000  4.14466992  9998
Satellite_10000_6_5
1 00505U 00000A   23121.00000000  .00000000  00000+0  12222-5 0  9992
2 00505  60.0000 180.0000 0002000  72.0000 144.0000  4.14466992  9999
Satellite_10000_6_6
1 00506U 00000A   23121.00000000  .00000000  00000+0  12222-5 0  9993
2 00506  60.0000 180.0000 0002000  72.0000 180.0000  4.14466992  9990
Satellite_10000_6_7
1 00507U 00000A   23121.00000000  .00000000  00000+0  12222-5 0  9994
2 00507  60.0000 180.0000 0002000  72.0000 216.0000  4.14466992  9991
Satellite_10000_6_8
1 00508U 00000A   23121.00000000  .00000000  00000+0  12222-5 0  9995
2 00508  60.0000 180.0000 0002000  72.0000 252.0000  4.14466992  9992
Satellite_10000_6_9
1 00509U 00000A   23121.00000000  .00000000  00000+0  12222-5 0  9996
2 00509  60.0000 180.0000 0002000  72.0000 288.0000  4.14466992  9992
Satellite_10000_6_10
1 00510U 00000A   23121.00000000  .00000000  00000+0  12222-5 0  9998
2 00510  60.0000 180.0000 0002000  72.0000 324.0000  4.14466992  9995
Satellite_10000_7_1
1 00601U 00000A   23121.00000000  .00000000  00000+0  12222-5 0  9999
2 00601  60.0000 216.0000 0002000  68.4000   0.0000  4.14466992  9996
Satellite_10000_7_2
1 00602U 00000A   23121.00000000  .00000000  00000+0  12222-5 0  9990
2 00602  60.0000 216.0000 0002000  68.4000  36.0000  4.14466992  9996
Satellite_10000_7_3
1 00603U 00000A   23121.00000000  .00000000  00000+0  12222-5 0  9991
2 00603  60.0000 216.0000 0002000  68.4000  72.0000  4.14466992  9997
Satellite_10000_7_4
1 00604U 00000A   23121.00000000  .00000000  00000+0  12222-5 0  9992
2 00604  60.0000 216.0000 0002000  68.4000 108.0000  4.14466992  9998
Satellite_10000_7_5
1 00605U 00000A   23121.00000000  .00000000  00000+0  12222-5 0  9993
2 00605  60.0000 216.0000 0002000  68.4000 144.0000  4.14466992  9999
Satellite_10000_7_6
1 00606U 00000A   23121.00000000  .00000000  00000+0  12222-5 0  9994
2 00606  60.0000 216.0000 0002000  68.4000 180.0000  4.14466992  9990
Satellite_10000_7_7
1 00607U 00000A   23121.00000000  .00000000  00000+0  12222-5 0  9995
2 00607  60.0000 216.0000 0002000  68.4000 216.0000  4.14466992  9991
Satellite_10000_7_8
1 00608U 00000A   23121.00000000  .00000000  00000+0  12222-5 0  9996
2 00608  60.0000 216.0000 0002000  68.4000 252.0000  4.14466992  9992
Satellite_10000_7_9
1 00609U 00000A   23121.00000000  .00000000  00000+0  12222-5 0  9997
2 00609  60.0000 216.0000 0002000  68.4000 288.0000  4.14466992  9992
Satellite_10000_7_10
1 00610U 00000A   23121.00000000  .00000000  00000+0  12222-5 0  9999
2 00610  60.0000 216.0000 0002000  68.4000 324.0000  4.14466992  9995
Satellite_10000_8_1
1 00701U 00000A   23121.00000000  .00000000  00000+0  12222-5 0  9990
2 00701  60.0000 252.0000 0002000  64.8000   0.0000  4.14466992  9997
Satellite_10000_8_2
1 00702U 00000A   23121.00000000  .00000000  00000+0  12222-5 0  9991
2 00702  60.0000 252.0000 0002000  64.8000  36.0000  4.14466992  9997
Satellite_10000_8_3
1 00703U 00000A   23121.00000000  .00000000  00000+0  12222-5 0  9992
2 00703  60.0000 252.0000 0002000  64.8000  72.0000  4.14466992  9998
Satellite_10000_8_4
1 00704U 00000A   23121.00000000  .00000000  00000+0  12222-5 0  9993
2 00704  60.0000 252.0000 0002000  64.8000 108.0000  4.14466992  9999
Satellite_10000_8_5
1 00705U 00000A   23121.00000000  .00000000  00000+0  12222-5 0  9994
2 00705  60.0000 252.0000 0002000  64.8000 144.0000  4.14466992  9990
Satellite_10000_8_6
1 00706U 00000A   23121.00000000  .00000000  00000+0  12222-5 0  9995
2 00706  60.0000 252.0000 0002000  64.8000 180.0000  4.14466992  9991
Satellite_10000_8_7
1 00707U 00000A   23121.00000000  .00000000  00000+0  12222-5 0  9996
2 00707  60.0000 252.0000 0002000  64.8000 216.0000  4.14466992  9992
Satellite_10000_8_8
1 00708U 00000A   23121.00000000  .00000000  00000+0  12222-5 0  9997
2 00708  60.0000 252.0000 0002000  64.8000 252.0000  4.14466992  9993
Satellite_10000_8_9
1 00709U 00000A   23121.00000000  .00000000  00000+0  12222-5 0  9998
2 00709  60.0000 252.0000 0002000  64.8000 288.0000  4.14466992  9993
Satellite_10000_8_10
1 00710U 00000A   23121.00000000  .00000000  00000+0  12222-5 0  9990
2 00710  60.0000 252.0000 0002000  64.8000 324.0000  4.14466992  9996
Satellite_10000_9_1
1 00801U 00000A   23121.00000000  .00000000  00000+0  12222-5 0  9991
2 00801  60.0000 288.0000 0002000  61.2000   0.0000  4.14466992  9998
Satellite_10000_9_2
1 00802U 00000A   23121.00000000  .00000000  00000+0  12222-5 0  9992
2 00802  60.0000 288.0000 0002000  61.2000  36.0000  4.14466992  9998
Satellite_10000_9_3
1 00803U 00000A   23121.00000000  .00000000  00000+0  12222-5 0  9993
2 00803  60.0000 288.0000 0002000  61.2000  72.0000  4.14466992  9999
Satellite_10000_9_4
1 00804U 00000A   23121.00000000  .00000000  00000+0  12222-5 0  9994
2 00804  60.0000 288.0000 0002000  61.2000 108.0000  4.14466992  9990
Satellite_10000_9_5
1 00805U 00000A   23121.00000000  .00000000  00000+0  12222-5 0  9995
2 00805  60.0000 288.0000 0002000  61.2000 144.0000  4.14466992  9991
Satellite_10000_9_6
1 00806U 00000A   23121.00000000  .00000000  00000+0  12222-5 0  9996
2 00806  60.0000 288.0000 0002000  61.2000 180.0000  4.14466992  9992
Satellite_10000_9_7
1 00807U 00000A   23121.00000000  .00000000  00000+0  12222-5 0  9997
2 00807  60.0000 288.0000 0002000  61.2000 216.0000  4.14466992  9993
Satellite_10000_9_8
1 00808U 00000A   23121.00000000  .00000000  00000+0  12222-5 0  9998
2 00808  60.0000 288.0000 0002000  61.2000 252.0000  4.14466992  9994
Satellite_10000_9_9
1 00809U 00000A   23121.00000000  .00000000  00000+0  12222-5 0  9999
2 00809  60.0000 288.0000 0002000  61.2000 288.0000  4.14466992  9994
Satellite_10000_9_10
1 00810U 00000A   23121.00000000  .00000000  00000+0  12222-5 0  9991
2 00810  60.0000 288.0000 0002000  61.2000 324.0000  4.14466992  9997
Satellite_10000_10_1
1 00901U 00000A   23121.00000000  .00000000  00000+0  12222-5 0  9992
2 00901  60.0000 324.0000 0002000  57.6000   0.0000  4.14466992  9999
Satellite_10000_10_2
1 00902U 00000A   23121.00000000  .00000000  00000+0  12222-5 0  9993
2 00902  60.0000 324.0000 0002000  57.6000  36.0000  4.14466992  9999
Satellite_10000_10_3
1 00903U 00000A   23121.00000000  .00000000  00000+0  12222-5 0  9994
2 00903  60.0000 324.0000 0002000  57.6000  72.0000  4.14466992  9990
Satellite_10000_10_4
1 00904U 00000A   23121.00000000  .00000000  00000+0  12222-5 0  9995
2 00904  60.0000 324.0000 0002000  57.6000 108.0000  4.14466992  9991
Satellite_10000_10_5
1 00905U 00000A   23121.00000000  .00000000  00000+0  12222-5 0  9996
2 00905  60.0000 324.0000 0002000  57.6000 144.0000  4.14466992  9992
Satellite_10000_10_6
1 00906U 00000A   23121.00000000  .00000000  00000+0  12222-5 0  9997
2 00906  60.0000 324.0000 0002000  57.6000 180.0000  4.14466992  9993
Satellite_10000_10_7
1 00907U 00000A   23121.00000000  .00000000  00000+0  12222-5 0  9998
2 00907  60.0000 324.0000 0002000  57.6000 216.0000  4.14466992  9994
Satellite_10000_10_8
1 00908U 00000A   23121.00000000  .00000000  00000+0  12222-5 0  9999
2 00908  60.0000 324.0000 0002000  57.6000 252.0000  4.14466992  9995
Satellite_10000_10_9
1 00909U 00000A   23121.00000000  .00000000  00000+0  12222-5 0  9990
2 00909  60.0000 324.0000 0002000  57.6000 288.0000  4.14466992  9995
Satellite_10000_10_10
1 00910U 00000A   23121.00000000  .00000000  00000+0  12222-5 0  9992
2 00910  60.0000 324.0000 0002000  57.6000 324.0000  4.14466992  9998
