Satellite_10000_1_1
1 00001U 00000A   23121.00000000  .00000000  00000+0  12222-5 0  9993
2 00001  60.0000   0.0000 0002000  90.0000   0.0000  4.14466992  9992
Satellite_10000_1_2
1 00002U 00000A   23121.00000000  .00000000  00000+0  12222-5 0  9994
2 00002  60.0000   0.0000 0002000  90.0000  90.0000  4.14466992  9992
Satellite_10000_1_3
1 00003U 00000A   23121.00000000  .00000000  00000+0  12222-5 0  9995
2 00003  60.0000   0.0000 0002000  90.0000 180.0000  4.14466992  9993
Satellite_10000_1_4
1 00004U 00000A   23121.00000000  .00000000  00000+0  12222-5 0  9996
2 00004  60.0000   0.0000 0002000  90.0000 270.0000  4.14466992  9994
Satellite_10000_2_1
1 00101U 00000A   23121.00000000  .00000000  00000+0  12222-5 0  9994
2 00101  60.0000 120.0000 0002000  60.0000   0.0000  4.14466992  9993
Satellite_10000_2_2
1 00102U 00000A   23121.00000000  .00000000  00000+0  12222-5 0  9995
2 00102  60.0000 120.0000 0002000  60.0000  90.0000  4.14466992  9993
Satellite_10000_2_3
1 00103U 00000A   23121.00000000  .00000000  00000+0  12222-5 0  9996
2 00103  60.0000 120.0000 0002000  60.0000 180.0000  4.14466992  9994
Satellite_10000_2_4
1 00104U 00000A   23121.00000000  .00000000  00000+0  12222-5 0  9997
2 00104  60.0000 120.0000 0002000  60.0000 270.0000  4.14466992  9995
Satellite_10000_3_1
1 00201U 00000A   23121.00000000  .00000000  00000+0  12222-5 0  9995
2 00201  60.0000 240.0000 0002000  30.0000   0.0000  4.14466992  9994
Satellite_10000_3_2
1 00202U 00000A   23121.00000000  .00000000  00000+0  12222-5 0  9996
2 00202  60.0000 240.0000 0002000  30.0000  90.0000  4.14466992  9994
Satellite_10000_3_3
1 00203U 00000A   23121.00000000  .00000000  00000+0  12222-5 0  9997
2 00203  60.0000 240.0000 0002000  30.0000 180.0000  4.14466992  9995
Satellite_10000_3_4
1 00204U 00000A   23121.00000000  .00000000  00000+0  12222-5 0  9998
2 00204  60.0000 240.0000 0002000  30.0000 270.0000  4.14466992  9996
